$ANSIBLE_VAULT;1.1;AES256
37346664393737376133366138616464643564613637633063336138613939636663346266616266
6665333366653731306665353065386638306538353333390a326435323731333731396664323366
66326562653833623130346536363139373933323536663365333532306661363966313734366535
3164633365376235630a373062616537613664346233323336643737633039623461343764633236
61373664393636343132366136643862653066616463366532323834386338313662616536616566
34333437646230623434383831373339646335323161396233383534616134643234636134343535
31643031643638383238303533396563656263396162306338646131356362363133386438623435
35663031643931616631346665366334383266636363336538666439383263666637356639663433
30643461383930303035653233623665333738336461626363386339633361313733323935316439
37373037343162363435626230323130336630333363656561636462353261643535643366623335
35313135303033653732353832333464323033313838613666333639383336326134366539666564
63633662393639316331386337646637633037626231373831623361363130653435343037323036
66353261336365663839666439313864643138666261356132653437396635333832633931383530
66616464353730643930353234613762393033366435343037613130376237633636646539633534
30356537643439626631636637326332326438633038653564613737613565316165616430633731
37396265666661376535636630666332613834393632306664636561303161656339333766613739
66376562333739323861396132626432653432373336333234626361396636613765346134336532
65383938303036346438383030313162346136393562663935633032323263633964326535333130
38376362653466373635656439393039666365636361323166666639653138313462643231323132
33633539313037313162343839633731343062626132376437356663383363653265656662323662
66653361626336343339346666633939303934396236346263366639306265393566643264623064
62653732326339313863353566373462636632306634316564386330306336326639636631386137
63336537656261363838643632396638333065633731303638336664333637666637386261623963
32343562656539366138353938363764623430316130383933373531383761653966303134616466
63393732313739303966383536346233353335393365376237643031346262393334646565323031
3665356233663239646134626631363238343038363131663632
